TESTCASE_Trieste/qaterr.grd
DSAA
          17          17
    130.0000    450.0000
   4580.0000   4900.0000
  0.0000E+00  0.8469E+03
 1.5650E+02  9.4900E+01  3.5400E+01  3.9700E+01  3.5300E+01  2.4400E+01  1.5600E+01  1.1100E+01  3.8000E+00  0.0000E+00  1.0000E-01  5.5000E+00  4.6000E+00  0.0000E+00  1.1000E+00  0.0000E+00  0.0000E+00
 1.6830E+02  1.4970E+02  1.1690E+02  9.4600E+01  1.0030E+02  1.0620E+02  6.2900E+01  7.7700E+01  4.1100E+01  1.1100E+01  1.1600E+01  8.0000E-01  4.1000E+00  1.0000E-01  0.0000E+00  0.0000E+00  0.0000E+00
 2.1390E+02  2.4410E+02  1.6080E+02  4.9800E+01  1.4050E+02  1.2310E+02  9.3100E+01  1.3900E+02  6.2500E+01  1.1300E+01  3.5900E+01  1.1100E+01  2.1400E+01  7.2000E+00  7.0000E+00  3.0000E-01  0.0000E+00
 2.7680E+02  3.4430E+02  2.1800E+02  5.6900E+01  1.1150E+02  1.8120E+02  1.5850E+02  1.6220E+02  9.1500E+01  3.2700E+01  2.0100E+01  2.8700E+01  1.4500E+01  0.0000E+00  3.0000E+00  1.0000E-01  0.0000E+00
 2.9830E+02  3.6740E+02  3.2030E+02  8.8400E+01  8.7300E+01  2.4560E+02  1.9670E+02  1.6870E+02  9.2100E+01  6.8100E+01  4.3400E+01  2.3000E+01  6.0000E-01  1.0000E-01  1.9000E+00  0.0000E+00  0.0000E+00
 2.9530E+02  4.0800E+02  3.9150E+02  1.4390E+02  9.1200E+01  1.9410E+02  2.4820E+02  1.7620E+02  1.0190E+02  5.2000E+01  2.8400E+01  9.5000E+00  0.0000E+00  0.0000E+00  0.0000E+00  0.0000E+00  0.0000E+00
 3.1320E+02  4.1230E+02  4.3810E+02  2.7280E+02  1.3500E+02  2.2600E+02  2.8470E+02  1.9330E+02  9.1500E+01  5.2300E+01  2.0500E+01  1.8000E+00  0.0000E+00  0.0000E+00  0.0000E+00  0.0000E+00  0.0000E+00
 2.8020E+02  4.5360E+02  5.0260E+02  3.2500E+02  1.5530E+02  2.5050E+02  3.2010E+02  2.1600E+02  8.3900E+01  4.8100E+01  3.5600E+01  1.3500E+01  3.3000E+00  0.0000E+00  0.0000E+00  0.0000E+00  0.0000E+00
 3.2950E+02  3.9210E+02  5.3900E+02  4.3800E+02  2.0900E+02  2.7890E+02  3.4170E+02  2.7050E+02  8.1400E+01  7.1000E+01  4.1100E+01  6.8000E+00  0.0000E+00  0.0000E+00  0.0000E+00  0.0000E+00  0.0000E+00
 1.5290E+02  2.6070E+02  6.8780E+02  5.3100E+02  2.2380E+02  2.6530E+02  3.8210E+02  2.6080E+02  1.2610E+02  1.0770E+02  5.1300E+01  1.4400E+01  0.0000E+00  0.0000E+00  0.0000E+00  0.0000E+00  0.0000E+00
 1.3190E+02  3.0140E+02  5.8280E+02  4.6540E+02  3.0050E+02  3.2340E+02  4.1440E+02  2.3740E+02  1.4410E+02  1.6110E+02  9.9100E+01  2.4900E+01  1.3500E+01  0.0000E+00  0.0000E+00  0.0000E+00  0.0000E+00
 9.2700E+01  2.7230E+02  5.0100E+02  5.4490E+02  3.1880E+02  3.0250E+02  3.9090E+02  2.5450E+02  1.6160E+02  2.0590E+02  1.7010E+02  8.6800E+01  3.2700E+01  1.4000E+00  0.0000E+00  0.0000E+00  0.0000E+00
 1.8390E+02  1.4990E+02  3.7280E+02  5.3630E+02  4.1590E+02  3.0490E+02  4.0270E+02  3.0150E+02  2.1090E+02  2.5150E+02  2.1930E+02  1.6630E+02  6.6600E+01  1.4000E+01  2.0000E-01  0.0000E+00  0.0000E+00
 3.0500E+02  1.2480E+02  2.5900E+02  5.7370E+02  4.3370E+02  2.4570E+02  3.5630E+02  3.9760E+02  2.3450E+02  2.3300E+02  2.2250E+02  1.7130E+02  9.0600E+01  3.9900E+01  3.4000E+00  3.3000E+00  0.0000E+00
 3.6390E+02  1.1350E+02  2.5470E+02  5.5390E+02  3.2980E+02  3.6520E+02  3.5990E+02  4.1680E+02  3.9180E+02  3.9160E+02  2.1800E+02  1.7880E+02  1.2490E+02  9.5700E+01  4.0700E+01  1.4300E+01  1.4100E+01
 3.7210E+02  8.8500E+01  2.5900E+02  5.8180E+02  4.0650E+02  4.5450E+02  2.8100E+02  5.6160E+02  6.2020E+02  6.1080E+02  2.9670E+02  1.5900E+02  1.4450E+02  1.1580E+02  7.8700E+01  4.9100E+01  4.2300E+01
 4.4820E+02  8.2000E+01  2.0440E+02  5.0100E+02  3.4980E+02  4.7830E+02  3.3520E+02  3.5480E+02  6.7070E+02  8.4690E+02  6.0150E+02  2.5960E+02  2.0690E+02  1.7820E+02  1.0610E+02  6.6000E+01  6.7200E+01
